epoch 0:temp_out: [[1.9548824  0.         0.         ... 2.8703883  1.4406788  0.        ]
 [0.7835018  0.         0.         ... 1.4276735  0.4063346  0.        ]
 [1.0557492  0.         0.         ... 1.6767848  1.4594461  0.        ]
 ...
 [1.7371929  0.6755304  0.         ... 2.3514655  0.14630668 0.        ]
 [0.07211062 0.         0.         ... 3.3127298  1.2510078  0.        ]
 [0.46815753 0.         0.         ... 3.9775052  1.1961254  0.        ]]epoch 0:temp_out: [[0.         2.9926474  0.         ... 0.         0.         4.0874944 ]
 [0.         1.5598261  0.         ... 0.         0.         2.3619173 ]
 [0.         3.6901302  0.         ... 0.         0.         4.1128893 ]
 ...
 [0.         0.86080706 0.         ... 0.         0.         4.0222325 ]
 [0.         2.2231045  0.         ... 0.         0.         3.7534115 ]
 [0.         2.0669148  0.         ... 0.         0.         2.879462  ]]